-0.05982866172790529
-0.007156723022460953
0.015708951568603514
0.0028747547149658137
-0.03207309341430665
0.12549628448486327
0.11715998306274415
0.05018037605285644
0.027116913604736316
0.07497747230529785
0.16474306106567385
0.12251776123046876
0.1437324466705322
0.16802069740295408
0.10679079818725584
0.19951899604797366
0.1872605857849121
0.18277992248535158
0.23237208557128905
0.20174435234069826
0.15992191658020016
0.12907314834594724
0.2873477313995361
0.18730854682922363
0.21549504356384275
0.21379248886108396
0.25893370513916014
0.10782944488525391
0.17118898277282718
0.18742104721069336
0.0936355628967285
0.13638879661560058
0.10611939430236816
0.1462948818206787
0.16419294738769533
0.20880451469421385
0.17111191368103026
0.3319214839935303
0.21359721374511717
0.10308078079223632
0.20778851318359376
0.3516348018646241
0.22200381469726566
0.2161008434295654
0.16561558227539064
0.10606266746520995
0.21175479927062987
0.13585705947875976
0.10951950073242188
0.16590238647460936
0.11076289558410644
0.14820592308044434
0.03429204940795898
0.22413506393432614
0.11619046287536622
0.16022414855957032
0.02936308555603027
0.14857946853637694
0.23169781494140626
0.17472636299133298
0.22933707313537596
0.1657908264160156
0.14272304153442383
0.141641890335083
0.2500793853759765
0.1415911731719971
0.09546995506286621
0.3113005062103272
0.27652000122070314
0.16560815429687498
0.30568298988342285
0.11072301254272462
0.13397170448303222
0.12839210777282714
0.24474519615173343
0.28330364875793457
0.062377134323120115
0.11372897148132324
0.22307775192260745
0.23381212234497073
0.2073307476043701
0.14203604888916016
0.11944328956604004
0.1864393730163574
0.11602132110595705
0.15677799224853511
0.11649693183898925
0.2508675537109375
0.1053588779449463
0.17112244606018068
0.14426286697387694
0.19209232788085934
0.16926584739685058
0.15817346000671387
0.10595459175109863
0.32792635726928715
0.15148854141235352
0.20763041839599608
0.15909918022155764
0.1401417293548584
0.26049051361083986
0.17633028106689452
0.1529258735656738
0.1859088237762451
0.104347261428833
0.22102851676940916
0.2575136161804199
0.2081850814819336
0.22596745376586913
0.22558187866210935
0.1566195514678955
0.21572232055664067
0.2190917079925537
0.18682185058593753
0.22283050727844236
0.19422940711975098
0.2032182216644287
0.24878087997436527
0.1702205451965332
0.09088144760131836
0.2734329566955567
0.2200010871887207
0.1840233200073242
0.1880235347747803
0.2073550510406494
0.22516115760803224
0.33119541358947757
0.18610973434448244
0.27259824829101564
0.09548803520202637
0.2836343078613281
0.1633648281097412
0.2110872402191162
0.14730402946472168
0.1726183135986328
0.09236853866577148
0.1444512668609619
0.15922608833312987
0.16702911567687986
0.20499350929260252
0.2020736396789551
0.16862168388366702
0.2339137020111084
0.23565196876525882
0.11267859649658205
0.12648623275756837
0.19323202323913574
0.10476636962890624
0.14437569885253906
0.28308415222167965
0.1581778697967529
0.1779641933441162
0.19469272003173832
0.22838421058654784
0.3421576965332031
0.16911409759521484
0.15997632179260254
0.1603165550231934
0.19527252197265624
0.16731987838745116
0.14160502052307128
0.28857137489318846
0.25884243659973144
0.0682997531890869
0.21567086868286134
0.3266671890258789
0.1111165054321289
0.22950437355041506
0.17570409584045407
0.26465487747192384
0.2666515689849853
0.2624593692779541
0.22452081184387207
0.15845964736938478
0.17916834831237793
0.1599185848236084
0.055453582382202146
0.2669155902862549
0.17363158226013184
0.28585354423522946
0.13657752227783204
0.1766667984008789
0.263348051071167
0.2291861572265625
0.09639606819152831
0.07692374839782713
0.08958737564086913
0.19258579826354982
0.2486932964324951
0.13770199851989745
0.26892891654968265
0.25447320747375485
0.2712741947174072
0.06899250679016113
0.19649219131469728
0.285703080368042
0.21618230247497558
0.1858998260498047
0.2278066577911377
0.17123859405517583
0.27614718055725096
0.17691942596435545
0.18705655555725098
0.20591749000549317
0.205330659866333
0.13649303436279295
0.20698484115600585
0.12473387680053712
0.22029546546936035
0.29579198913574223
0.1467136573791504
0.16996468162536618
0.16799318313598635
0.039960255050659185
0.11960198974609375
0.24058882789611816
0.19067535400390626
0.07919286155700682
0.2702118225097656
0.13177241401672365
0.09632226753234864
0.2542579383850098
0.16147264099121092
0.26177809143066405
0.14988649749755859
0.10731959533691406
0.13095988273620604
0.2799682521820068
0.2169842643737793
0.31588535079956054
0.2840460308074951
0.24631006813049316
0.15441989135742187
0.1267114505767822
0.23751581192016605
0.18735391311645508
0.11039510345458985
0.23594535408020023
0.24838966751098632
0.15555297927856446
0.2805491214752197
0.0956572006225586
0.12864269638061523
0.21077439346313478
0.1413366107940674
0.22345897102355955
0.20202163467407228
0.17162608909606936
0.2336411647796631
0.1317115364074707
0.18285732650756834
0.20536801414489744
0.06337976150512695
0.261331335067749
0.07943945960998536
0.11062197608947753
0.27734521560668945
0.1921853988647461
0.10907239151000976
0.1834137882232666
0.18899324226379396
0.1962948947906494
0.12997611083984376
0.16234636688232423
0.10694332962036132
0.16265434265136716
0.17380714111328124
0.25224645805358886
0.197895890045166
0.21198627738952636
0.07395481185913087
0.24702299652099613
0.16812412261962892
0.12198879051208494
0.2988968524932861
0.1525646553039551
0.1731078510284424
0.12556729774475095
0.2097495105743408
0.08524422645568848
0.17750252532958985
0.08551356887817381
0.2525805912017822
0.28528618049621585
0.09772501831054686
0.23351266365051265
0.03894831733703613
0.18799625015258786
0.2266814308166504
0.18547720527648923
0.0677705726623535
0.1270232482910156
0.08803986473083496
0.21702411651611325
0.21345777854919437
0.2547656055450439
0.09531556129455566
0.13307375907897948
0.12369482994079589
0.3300915336608886
0.18706560707092287
0.0943351936340332
0.3012997272491455
0.326656379699707
0.13535051918029783
0.28276826934814453
0.20843210792541506
0.28066272735595704
0.2679884803771973
0.22066486434936525
0.18045705299377443
0.34227326278686526
0.09577709197998047
0.17591283950805664
0.13077163314819337
0.26500210266113283
0.3039477642059326
0.10850042304992677
0.20819945907592774
0.16243079757690432
0.32325756835937497
0.08430148124694824
0.19874346733093262
0.08071048736572264
0.23277237205505372
0.25462861328125
0.17833225250244142
0.20387020301818848
0.2669860237121582
0.18696101188659667
0.1469444091796875
0.1881341972351074
0.15060539245605467
0.17418975601196288
0.05204943351745605
0.18719422798156737
0.15059874725341796
0.19083528137207031
0.228082368850708
0.31242470932006833
0.23454819831848145
0.09830178375244138
0.1746448059082031
0.176200728225708
0.08993219375610352
0.18530522804260255
0.17752516174316407
0.17238563995361328
0.16531715660095217
0.21225726966857908
0.1315197418212891
0.28239141845703125
0.2228462657928467
0.1898790111541748
0.15668640785217286
0.24759271621704101
0.2373748672485352
0.19593867568969728
0.14322752532958985
0.15567397499084476
0.20215497398376467
0.2698617637634277
0.2966374244689941
0.14248696327209473
0.1127432529449463
0.12578258209228516
0.19187341270446776
0.19156768112182618
0.31565476036071777
0.2074999809265137
0.2648295055389404
0.2084752674102783
0.16253297996520996
0.07006460571289062
0.22887885475158692
0.13065453147888184
0.24364664459228513
0.2367674446105957
0.17050121688842773
0.23938355064392092
0.13478629684448243
0.1826695781707764
0.3220163269042969
0.10455239105224608
0.19856255340576176
0.3177660903930664
0.18749707489013673
0.3019882942199707
0.1627854545593262
0.258417818069458
0.21701494407653807
0.15721096229553225
0.22664265632629393
0.21678545188903808
0.0754614143371582
0.18297102432250978
0.26007686805725094
0.22200910568237306
0.2788323211669922
0.19585738754272458
0.22449213943481447
0.20120365409851076
0.17535582122802737
0.13280918197631836
0.23421456146240233
0.10347348785400388
0.19578036499023432
0.20658165550231936
0.2930877056121826
0.0715237892150879
0.14643344688415527
0.30877346878051753
0.17512963943481444
0.16700076751708984
0.19574150733947754
0.2222032783508301
0.26169415321350104
0.1420481128692627
0.18392473030090334
0.08901476364135745
0.22169352340698242
0.19841326713562013
0.07003305244445798
0.13370826797485352
0.25169883155822753
0.20228588485717774
0.17023142509460448
0.14676453590393065
0.3023691719055176
0.27475082015991215
0.08496644096374512
0.14003127670288085
0.17774935989379884
0.17061200523376463
0.17751144409179687
0.24160194206237795
0.22150624656677248
0.20599057006835939
0.13597274093627928
0.07218252105712891
0.12940193099975586
0.1546812828063965
0.08731200408935547
0.10953727989196778
0.15596428947448732
0.254317892074585
0.17629615097045895
0.27064025115966794
0.19429561805725096
0.22327292442321778
0.19412697219848635
0.20294214630126953
0.18935963439941406
0.12137708358764648
0.19785690689086913
0.10950220260620118
0.19790934638977054
0.3480682285308837
0.10442268562316893
0.15718508529663086
0.10566284942626954
0.14079488830566406
0.26333907775878906
0.13711533126831055
0.13553354454040528
0.19958690643310548
0.194693733215332
0.12158488845825197
0.29175112533569336
0.28105286903381343
0.20508496742248536
0.16799890022277833
0.14654001808166503
0.19903986930847167
0.16068205833435062
0.32625024795532226
0.16995406532287596
0.2371971462249756
0.2558913631439209
0.2611722160339356
0.10751825332641601
0.24850757484436034
0.241608585357666
0.09289055900573731
0.23323348312377928
0.17833122444152835
0.22601513748168947
0.16481283073425296
0.2467882385253906
0.09522694396972656
0.23363037261962888
0.16022156524658202
0.24400804786682126
0.23935854797363285
0.1564380226135254
0.22051758003234861
0.17709206657409665
0.21355058860778808
0.22872277069091795
0.2251769771575928
0.22909788894653318
0.033797369766235354
0.11093110847473145
0.3109038066864014
0.26597368431091306
0.24780648612976072
0.19932067375183105
0.21444048118591308
0.25209239768981934
0.24163944244384766
0.21325818824768064
0.218876501083374
0.22116183547973634
0.18718376922607421
0.21075839996337892
0.2794165019989014
0.19803546524047852
0.28879336700439456
0.18605703544616697
0.27169203376770024
0.09137155227661133
0.2635696964263916
0.24948513412475584
0.3184502162933349
0.25878770904541015
0.2644908199310303
0.12032651786804198
0.15442697944641112
0.15671194458007812
0.1169188087463379
0.1505323295593262
0.13254614143371582
0.19927297172546388
0.05425009231567381
0.2157256076812744
0.2564335994720459
0.2205086181640625
0.28321963500976566
0.10002336959838867
0.28917575340270996
0.14724585800170897
0.07967101745605469
0.18513247375488281
0.11903692512512207
0.19983784103393554
0.20100980377197264
0.1595464973449707
0.16702750587463377
0.12750863838195803
0.09695032196044923
0.21570629310607914
0.2571886432647705
0.16179434852600097
0.24553459434509278
0.19529915046691898
0.3279707870483399
0.20220810317993163
0.16222931098937984
0.26720707969665525
0.13900736770629882
0.19786655235290523
0.09260502815246582
0.21965396881103516
0.1609351615905762
0.2162510013580322
0.11021025657653807
0.060739360809326175
0.2320985382080078
0.2012205093383789
0.24002210044860842
0.1753691177368164
0.21693525848388673
0.24145164871215818
0.16021662902832032
0.14968304901123047
0.2816707878112793
0.27146242485046385
0.23699048690795899
0.15097563819885254
0.15391945648193361
0.2273234317779541
0.15573567962646484
0.27402942848205564
0.23678876876831054
0.18388979721069337
0.277381672668457
0.15207871437072754
0.1917582473754883
0.14247591667175294
0.2918255786895752
0.17105289268493654
0.13038589096069336
0.2951054267883301
0.1731338706970215
0.23817861938476562
0.2828392780303955
0.125910542678833
0.22242177658081055
0.13108770942687986
0.13882966384887696


-0.08013567276000978
-0.06603223609924318
-0.016843851089477554
0.1018214817047119
0.08699026107788085
-0.051116074752807626
0.1680655735015869
0.1451448886871338
0.12751398849487303
0.16145262413024905
-0.01646909904479981
0.20140039978027344
0.09206574821472169
0.2183507999420166
0.23779540634155275
0.2382985286712646
0.14749858856201173
0.1430128421783447
0.17562851715087888
0.225530069732666
0.10294005279541014
0.25132823753356937
0.2026771488189697
0.05928090476989745
0.29704296875
0.24614980888366703
0.09086402893066406
0.11410532760620118
0.19267309188842774
0.24723286781311032
0.17964610176086424
0.21931641197204585
0.35543325805664056
0.18571080474853516
0.2850450439453125
0.1694746379852295
0.21630150604248044
0.2549509876251221
0.2341038284301758
0.2288288455963135
0.025672235488891602
0.18931919860839844
0.15639826469421386
0.17284700355529783
0.20233496284484864
0.12749845504760743
0.28431852912902833
0.07088344841003417
0.11329752731323241
0.17573626708984372
0.13249392700195312
0.13212029914855958
0.17892777442932128
0.17950690841674807
0.16595368156433105
0.1503646152496338
0.1605030605316162
0.24875904808044438
0.2692657356262207
0.2369426441192627
0.21228157234191894
0.1743351963043213
0.2529382915496826
0.17343073348999025
0.2711205799102783
0.206609024810791
0.19479145278930665
0.11440061836242675
0.23665919876098634
0.2690964374542236
0.23131454277038574
0.22317415504455565
0.12146420440673829
0.2653365798950195
0.1511306018829346
0.2154397533416748
0.1976034679412842
0.08947501754760742
0.23338569984436033
0.1860405788421631
0.13965737228393554
0.19828398971557612
0.14376100540161132
0.20113955307006834
0.26217118911743165
0.24245507049560544
0.20906671142578126
0.11634706497192383
0.18566093025207522
0.24976826667785648
0.1515607261657715
0.24691563606262207
0.35037361221313473
0.07353156471252441
0.06227543640136718
0.30236837463378907
0.17251622772216796
0.1595352237701416
0.1689378070831299
0.12152639656066894
0.16998608207702637
0.25696143722534176
0.21979562187194826
0.12705798721313474
0.11834658851623535
0.27539320983886717
0.20217076110839843
0.22564406661987302
0.20864191894531248
0.197605407333374
0.07353735466003418
0.1948257984161377
0.18594649200439456
0.050097621917724613
0.24285734558105468
0.14587679939270018
0.14814952087402344
0.15762141418457032
0.10325648574829102
0.13943108253479003
0.2678129291534424
0.10730441284179688
0.15066198234558104
0.2423544376373291
0.08978455543518066
0.13397688102722166
0.10098146057128905
0.14909908485412596
0.21597965011596681
0.18083763198852537
0.28866120338439943
0.073970853805542
0.2260259037017822
0.08259326553344726
0.15723747825622555
0.1811308650970459
0.11938540267944336
0.3567266204833984
0.2425098915100098
0.31128326225280767
0.20547013092041014
0.18348712539672854
0.14580819206237794
0.04361045150756835
0.21971446876525882
0.2018140392303467
0.1575141830444336
0.2349014778137207
0.29486691284179684
0.2539782978057861
0.2298543212890625
0.19516138267517089
0.11958747749328612
0.2425510234832764
0.1432073802947998
0.30270842552185057
0.3083215751647949
0.24095199470520015
0.22748287200927733
0.18667305183410643
0.3222016609191895
0.19428734550476073
0.04190662841796875
0.283517737197876
0.11807889175415039
0.2894286399841308
0.2313351764678955
0.23337402496337886
0.21762367324829104
0.2119180057525635
0.17842570686340334
0.23566773033142088
0.09269703102111816
0.2237443359375
0.11503000068664551
0.1897646911621094
0.18037849617004395
0.2676450622558594
0.1689943759918213
0.22732123184204106
0.09361577033996582
0.11187328338623047
0.20292948532104496
0.34079940185546875
0.19527927780151366
0.3067795886993408
0.3067271366119385
0.08674427757263184
0.17175460815429688
0.23091494064331056
0.18092257690429692
0.16494369316101076
0.25997747993469233
0.1366368293762207
0.3565779140472412
0.09084657363891602
0.18972085838317873
0.3055943164825439
0.08052466583251955
0.2795328281402588
0.1311983623504639
0.3362982044219971
0.20582350730895996
0.20055604820251463
0.1549210765838623
0.13209703445434567
0.2902492866516113
0.23821333503723147
0.20633650588989255
0.24002469863891604
0.1661164035797119
0.1728001125335693
0.2065091323852539
0.22138220977783202
0.2061535747528076
0.22366406898498536
0.1302041530609131
0.2674247043609619
0.11841817626953123
0.13666260910034178
0.2849916149139404
0.20201671867370607
0.12420146293640139
0.11664542465209962
0.07699796485900878
0.20386203651428222
0.13449092826843262
0.2316539733886719
0.2162563648223877
0.14228147315979
0.23244399719238282
0.06389192962646484
0.17281848907470704
0.3236750602722168
0.16997606658935546
0.2164717205047607
0.07620915794372558
0.25755241203308105
0.20613630867004396
0.22471865272521974
0.10617583084106447
0.2771331901550293
0.2137861251831055
0.23348792724609374
0.2518116798400879
0.30664610862731934
0.35684540557861333
0.264155891418457
0.11999464683532715
0.21766756248474123
0.17825074577331543
0.15536736679077148
0.2602626579284668
0.19472874755859373
0.07907089424133301
0.32616264228820796
0.21651671600341799
0.0578852336883545
0.19638561820983888
0.20821624755859375
0.1655003505706787
0.2191824550628662
0.19105029869079587
0.1335207870483398
0.1453090171813965
0.19817484931945803
0.04760713386535644
0.2074780609130859
0.19211628799438477
0.11182935409545898
0.184890983581543
0.18164646606445317
0.17502907638549803
0.13576545791625974
0.22195508270263672
0.19443439941406246
0.15535326461791993
0.21181581001281738
0.27821078872680666
0.09197385215759278
0.23154224967956544
0.19466555213928222
0.09823095092773439
0.2321457939147949
0.2288710830688477
0.21477850227355957
0.2075819129943848
0.31779714279174803
0.21557743339538576
0.15149490814208988
0.22918109703063966
0.23091327476501466
0.33400275421142583
0.17209281730651857
0.22123186378479004
0.274333646774292
0.39162188606262205
0.2028109840393067
0.23834220314025878
0.24079666023254398
0.1218846004486084
0.1540857807159424
0.18280939674377442
0.312194889831543
0.17173101310729982
0.15068928565979003
0.21675028038024902
0.16792067413330078
0.35073923568725585
0.17358655738830567
0.1900577220916748
0.19063638381958006
0.22813859252929689
0.12534000205993653
0.14333308486938479
0.18173520164489745
0.14527861022949218
0.14831525497436523
0.3039512512207031
0.12742784881591798
0.1667763710021973
0.07098611717224122
0.10757750511169434
0.21691117935180665
0.37667437324523934
0.24425681266784668
0.21506012535095212
0.24106713104248048
0.28113422775268554
0.1910917594909668
0.12348378257751465
0.14388961029052738
0.15564258651733398
0.17727695350646974
0.18344545364379883
0.25448234825134275
0.10947181510925294
0.1705100086212158
0.12323140716552733
0.22305739784240722
0.28448576736450193
0.142112198638916
0.09243332290649414
0.2635538368225098
0.1631240882873535
0.28692452812194824
0.15145365333557126
0.17171172523498537
0.24228975257873533
0.20292777900695802
0.2582849941253662
0.21924190406799315
0.13825590209960936
0.24367206573486327
0.26275348129272463
0.2321776294708252
0.24228568267822265
0.1956997585296631
0.18368107795715333
0.27958047866821295
0.2497225112915039
0.22898885231018062
0.27771411018371583
0.26432787513732914
0.2664070137023926
0.15115549926757813
0.12089419555664062
0.2183892860412598
0.2421004837036133
0.23539984397888183
0.054243223953247065
0.22997234230041502
0.14347708587646482
0.31795425605773925
0.16134170799255373
0.09757075920104981
0.21554268989562989
0.09775852851867674
0.32226506271362304
0.17680296516418456
0.17505697402954098
0.25988298988342284
0.30314262771606443
0.09393785743713379
0.22048146209716799
0.20483610534667968
0.17072425613403322
0.16190957260131836
0.19327656822204592
0.1467121883392334
0.2811904048919678
0.17826855773925782
0.2183031852722168
0.19313409042358398
0.20917211532592772
0.258128405380249
0.26503670387268063
0.17608340072631834
0.1607053756713867
0.1651458671569824
0.2165198913574219
0.24912030792236328
0.2924207592010498
0.2723950775146484
0.15505061988830568
0.28831685333251955
0.2417499237060547
0.17377698669433594
0.21606475257873536
0.26282261276245117
0.15760633468627933
0.33223898200988766
0.22953801803588866
0.15452510643005374
0.20136302375793458
0.11528184204101563
0.1979621829986572
0.16245054626464842
0.18483899116516114
0.11269890403747558
0.15189214706420898
0.17664663124084473
0.17791755867004394
0.21411850242614747
0.1749249782562256
0.2366191577911377
0.20478206024169926
0.20634821701049802
0.25276556777954107
0.07067722129821778
0.19549113578796387
0.1962625473022461
0.2314427001953125
0.30019045143127443
0.18724635696411135
0.14981247978210446
0.0051341152191162
0.14734062194824218
0.18860100746154784
0.2530831317901611
0.23492928771972657
0.284687520980835
0.2739294765472412
0.319504753112793
0.24360210800170898
0.16067329750061032
0.28534273529052734
0.2104994426727295
0.35712476158142087
0.18115744972229003
0.2548659362792969
0.29675587272644044
0.17022010612487792
0.2768485961914062
0.2790792388916016
0.31369015121459964
0.2568538990020752
0.15741105461120605
0.24063754844665527
0.2550025508880615
0.14872483253479002
0.17349882888793947
0.2143907012939453
0.19397327232360836
0.08648168182373045
0.18105019645690917
0.14680390815734864
0.09756088142395018
0.2519177894592285
0.12092496681213377
0.1677191982269287
0.2535308700561523
0.13382385635375976
0.1623481727600098
0.12768748092651366
0.30266769676208494
0.10409897689819335
0.14179427909851075
0.09336946105957031
0.036744572448730466
0.19408621406555177
0.17076692008972166
0.17775611114501952
0.18895176010131837
0.271038854598999
0.19294605445861815
0.30999586677551266
0.2277045093536377
0.1577937065124512
0.1645175762176514
0.21322140274047854
0.18571506500244145
0.304782544708252
0.2121068286895752
0.24228393745422366
0.23759380722045897
0.1291490333557129
0.22702451286315917
0.2259004753112793
0.134640775680542
0.23261287384033202
0.1675791702270508
0.12872562484741212
0.21435245780944823
0.30017568893432617
0.21444940948486327
0.2654699230194092
0.2940699756622314
0.11597448806762696
0.18412576179504395
0.09165157127380372
0.25517433738708495
0.37144501495361326
0.2431138561248779
0.2004415626525879
0.10397225189208985
0.26271542167663575
0.23522535705566405
0.06308693313598632
0.26888588333129887
0.1789659938812256
0.15713719177246094
0.11946188163757325
0.16779194831848143
0.2611432395935058
0.08544078216552733
0.2024979694366455
0.12802898597717285
0.08740383529663084
0.14645430183410646
0.1837455532073975
0.2889231491088867
0.30248842315673824
0.19876624259948728
0.2022657470703125
0.21338446426391602
0.21502825050354005
0.17619846153259275
0.2512508792877197
0.23332162475585938
0.15167800140380858
0.14833579711914063
0.1931780605316162
0.25419621925354
0.09680679512023925
0.2166836784362793
0.241567765045166
0.14314197311401367
0.24193796920776364
0.18875511322021485
0.18741515693664548
0.22055784416198734
0.24570428466796876
0.16074312477111813
0.2576976566314697
0.10593428802490233
0.24269473915100093
0.1927363147735596
0.1863749179840088
0.15403462028503417
0.14719675827026366
0.14802937774658204
0.2279151859283447
0.24747451095581055
0.10907245788574217
0.1971265266418457
0.18009026527404784
0.21466044807434081
0.40419863891601565
0.19478409080505377
0.2167755889892578
0.15832729721069336
0.32134927825927734
0.13565445327758788
0.19933634567260744
0.2076659763336182
0.18715734443664553
0.1934446773529053
0.21346812210083008
0.21081731300354
0.19230173873901368
0.13192257652282713
0.19600531768798826
0.1315664882659912
0.10666318664550781
0.273822940826416
0.11092983055114745
0.30610090522766115
0.16636715507507327
0.18822228317260742
0.3006451606750488
0.2934703441619873
0.3188060482025147
0.22870327949523925
0.24078582077026367
0.18653710365295406
0.13410632896423338
0.18911857795715334
0.20297220306396482
0.22551716041564945


-0.13779081802368165
-0.04337828826904297
-0.07947716712951661
0.02678691291809081
-0.03419600677490235
0.012706718444824216
0.0121168601989746
0.12868064384460448
0.0665536460876465
0.11476628303527832
0.08798032455444335
0.18582958946228026
0.10823585319519044
0.07101476287841799
0.15393081283569338
0.24180889511108397
0.1380851535797119
0.184082181930542
0.21394896202087402
0.171967155456543
0.2059740905761719
0.16732385139465328
0.22900262641906738
0.2106894874572754
0.10615598297119139
0.2590632152557373
0.257629674911499
0.2355903137207031
0.15465248947143556
0.09115309829711914
0.17762017517089845
0.17298874282836912
0.3129304161071777
0.13336876945495604
0.27729609298706054
0.22674798088073733
0.1263951950073242
0.2402956150054932
0.12146732330322264
0.12553591613769532
0.16078541831970214
0.19510893821716307
0.16957261924743647
0.13264210205078125
0.2190955780029297
0.18841461372375487
0.24081403350830077
0.2599992618560791
0.025291812896728518
0.06522889976501464
0.18594908714294434
0.06044447135925293
0.14362742996215822
0.21046132431030273
0.11412987518310548
0.22878680801391604
0.2684945583343506
0.23799481849670406
0.1189018383026123
0.2307001369476318
0.159322322845459
0.23017144088745117
0.24769003105163573
0.22182350730895994
0.1945496520996094
0.17241738319396974
0.10968474769592283
0.24734289627075196
0.24780609703063966
0.21119784431457522
0.16832185554504395
0.01503227882385253
0.12487136344909669
0.12340198898315428
0.2046208744049072
0.14639326095581054
0.23046710472106935
0.2113765354156494
0.20092191314697264
0.21793632888793943
0.235490034866333
0.22878046607971192
0.16125154571533204
0.29467396354675296
0.16685037384033205
0.08556655006408694
0.296662633895874
0.08640451431274414
0.1663491313934326
0.21509060897827148
0.11220192298889159
0.28434919357299804
0.2886403255462647
0.1216356273651123
0.2350543296813965
0.21542087631225584
0.30445417976379396
0.24362868881225583
0.03651032447814941
0.18620547676086424
0.2041156238555908
0.18628700218200683
0.1440787925720215
0.32114785270690915
0.222767248916626
0.16293014030456543
0.23503746032714845
0.18045021514892579
0.09073691749572754
0.18089391555786133
0.09770977859497071
0.13899055862426757
0.22244189529418942
0.3500092449188233
0.269777925491333
0.2685414447784424
0.2312738208770752
0.19469590454101562
0.2876217456817627
0.22779929924011227
0.2608706188201904
0.19217785720825195
0.32344562683105466
0.21413875465393065
0.11881654357910158
0.28173846130371094
0.08894915199279786
0.21275178718566895
0.2750499534606934
0.1474149559020996
0.25620482330322264
0.17975412330627438
0.17929655647277834
0.20958745384216307
0.17337517814636227
0.3283606147766113
0.25071670989990236
0.13987196540832522
0.21552029037475584
0.14138452911376953
0.2177351703643799
0.22742988281250004
0.25354184532165525
0.2522074203491211
0.2534825687408448
0.23963713340759277
0.15281250076293945
0.15070607376098633
0.24494544944763186
0.20233436088562015
0.23714313125610353
0.25621075057983395
0.3189319980621338
0.2410562313079834
0.23438791160583494
0.05830704307556152
0.09287719230651856
0.1689017208099365
0.10003010368347168
0.23689343338012694
0.14699848251342773
0.2867338176727295
0.2939798564910889
0.15685541229248046
0.13734712028503418
0.17867516593933108
0.0476879108428955
0.17687536239624024
0.11923485527038576
0.12600343894958496
0.1695778522491455
0.3736698913574219
0.23734807586669923
0.2154553508758545
0.23224461174011232
0.20117880630493162
0.13017870407104493
0.17984030532836912
0.2458724479675293
0.2191107597351074
0.22314001541137696
0.16742116241455077
0.20839361000061035
0.13300362167358398
0.17789529037475585
0.15257156257629392
0.3252352893829345
0.24027302742004394
0.19765811920166015
0.09033794784545898
0.2056729293823242
0.12283472442626954
0.19632661056518558
0.2223403301239014
0.2509809703826904
0.15585181427001957
0.23411272315979
0.14244275093078612
0.16357713584899902
0.2243519821166992
0.1567221565246582
0.22751397781372074
0.21968767356872557
0.20452347450256347
0.20390138626098633
0.17452598571777347
0.18226260643005368
0.08712636947631835
0.20926099395751951
0.20187543487548829
0.17699122428894043
0.21757067184448242
0.2068014057159424
0.15645979881286623
0.1912738998413086
0.12523006706237794
0.16273223953247068
0.32356030273437497
0.20494759063720702
0.20738321495056156
0.16464140319824216
0.17867949829101562
0.23416195755004882
0.29606870269775387
0.16623508148193358
0.20045355606079102
0.11810952568054202
0.18295732307434082
0.18670826416015626
0.252786298751831
0.17153613929748535
0.1911515529632568
0.2854268951416016
0.1341236961364746
0.0999977397918701
0.15995369338989257
0.1953019073486328
0.06259637718200683
0.15266259002685545
0.1749744556427002
0.25905019569396975
0.09289274787902833
0.2853914680480957
0.12911653900146483
0.22680326080322266
0.1391599750518799
0.27822180252075196
0.20417703018188477
0.21646984367370603
0.1535594413757324
0.1484590690612793
0.19990665817260742
0.26709637832641603
0.25762485771179194
0.2134907745361328
0.23408085441589357
0.22283608894348145
0.23739265632629394
0.21083714103698728
0.2019024501800537
0.22076025466918947
0.11206247024536133
0.22175587272644046
0.09305714225769042
0.21254057312011718
0.18531361465454105
0.18078348922729492
0.28075272254943845
0.04731045799255371
0.18060367279052733
0.18691917037963865
0.1925713710784912
0.19798393058776856
0.21964504890441894
0.2641311824798584
0.11700476951599122
0.16595250587463378
0.21825418815612796
0.2071299999237061
0.13170613288879393
0.2181865592956543
0.22169429664611814
0.18963386726379397
0.19504902153015136
0.24534361648559572
0.2008208847045899
0.2533699649810791
0.2438615005493164
0.24571032524108888
0.1947013366699219
0.17482584762573242
0.24373358955383304
0.2999608104705811
0.16859173011779785
0.11216129760742188
0.24664558029174807
0.14486137962341308
0.3642642547607422
0.3191792297363281
0.27049998474121095
0.2513979759216308
0.24944893913269042
0.21670446777343752
0.21537781600952152
0.3219595878601074
0.18064055824279784
0.21247586631774903
0.25615994148254395
0.1815235725402832
0.16943634986877443
0.19599241523742678
0.311764493560791
0.2398217876434326
0.15981044006347656
0.12030235481262207
0.2160600566864014
0.25935402946472164
0.2788257701873779
0.12771900367736816
0.21586203575134277
0.15258068351745607
0.2708553722381592
0.22889855003356932
0.22121640663146974
0.2667507457733154
0.2052718486785889
0.0235628173828125
0.12467918014526366
0.14321698837280272
0.079373685836792
0.2171696670532227
0.253960400390625
0.18861094665527342
0.21114006500244142
0.19594248275756837
0.22907608680725097
0.2360430534362793
0.24966293792724614
0.1732573059082031
0.299636275100708
0.2523264816284179
0.14535448722839356
0.2162891216278076
0.20989165763854978
0.2548442687988281
0.21198043708801267
0.21274904212951662
0.13776719856262207
0.1807939205169678
0.2583071315765381
0.20824514083862306
0.22332860679626468
0.16997019386291506
0.3277592273712158
0.13153537445068358
0.2152063613891602
0.2034263343811035
0.25358829765319824
0.12718454551696776
0.10297713356018065
0.14828205375671386
0.15123554611206053
0.24648857116699222
0.14558285522460937
0.2006380081176758
0.15084808235168456
0.18128707695007326
0.15726259994506836
0.2572950572967529
0.24701257591247558
0.13334382820129395
0.17756172752380373
0.22541298484802247
0.23437235260009764
0.22481444358825683
0.26375388526916504
0.1384929042816162
0.10676260185241698
0.09810153770446776
0.3379404964447022
0.09791135406494142
0.26912757759094236
0.15365999221801757
0.22954465179443362
0.24000570106506347
0.23592480659484863
0.30367093849182125
0.09071759872436523
0.21965456008911133
0.1539707649230957
0.16431003074645997
0.23063134574890135
0.2906273612976074
0.07911721801757814
0.2156628494262695
0.1996926944732666
0.24355611610412595
0.27446427993774414
0.22159018898010252
0.07388417053222657
0.0831986198425293
0.2637977352142334
0.12848173332214355
0.2733886611938477
0.05765920639038086
0.20338849334716802
0.2609329364776612
0.22125869331359865
0.11181005859374998
0.08889206504821777
0.10219145545959472
0.09526903800964355
0.18043209648132322
0.1634739933013916
0.1357365207672119
0.22042306327819822
0.16330535850524902
0.20069998931884764
0.3593621387481689
0.23937192230224608
0.27709980964660647
0.13655783462524415
0.16055659294128413
0.2259004650115967
0.24019797744750981
0.34213520965576166
0.19707112693786616
0.15966787910461427
0.17408449630737305
0.21287402992248539
0.22428000144958496
0.18118607521057128
0.12667080688476562
0.21840942573547362
0.12370827713012694
0.205979305267334
0.12287423667907715
0.2413523338317871
0.29138801574707035
0.2025267074584961
0.17247488021850585
0.18693572807312012
0.14737638130187988
0.28870731735229493
0.33448495368957526
0.10971963195800781
0.1858999462127686
0.2852026393890381
0.25052195358276363
0.1893827304840088
0.30574156761169435
0.2511590843200684
0.264996488571167
0.23927999687194823
0.24777930450439453
0.18613886756896972
0.1284097537994385
0.3230759571075439
0.19646039199829102
0.28883244972229005
0.2879410552978516
0.16512184410095213
0.189959761428833
0.11449198417663572
0.12007200622558595
0.24266510086059573
0.17572363548278805
0.10957555961608884
0.12554273681640626
0.24787755393981936
0.1705568904876709
0.17584704971313478
0.15046408462524416
0.2459799118041992
0.2252316593170166
0.21323050498962398
0.1802589302062988
0.15718834495544434
0.27693198776245115
0.18653869247436525
0.34432817726135245
0.11678716087341309
0.25975375366210934
0.2285007629394531
0.2873347454071045
0.24349407539367676
0.17171049118041992
0.02594974136352539
0.22096286659240721
0.1468171890258789
0.11222209053039553
0.043194284439086905
0.26520250892639163
0.14174651565551757
0.20767351150512695
0.10623386268615721
0.0422174472808838
0.3301242443084717
0.1946906364440918
0.2515222576141357
0.2943091724395752
0.18939476661682128
0.2314336727142334
0.2828047470092774
0.2342108306884766
0.14573681259155274
0.20159661865234374
0.1816237964630127
0.2141585083007813
0.17592499999999997
0.19487237815856936
0.18639158058166505
0.21749728088378908
0.18507411003112792
0.22558104133605958
0.1647796173095703
0.2101685054779053
0.1864182327270508
0.257305835723877
0.3006825702667237
0.19740527610778805
0.12903388290405274
0.28765449142456057
0.08666569480895997
0.04240397644042968
0.2324209308624267
0.21149061393737792
0.17754630317687992
0.12354958534240723
0.19692654685974123
0.22574482688903807
0.20270852661132813
0.3047241497039795
0.19977563934326173
0.25916773796081544
0.1730603771209717
0.11015721321105958
0.20049024391174314
0.2222212017059326
0.16163030242919924
0.17256593894958494
0.21691032218933107
0.24601010589599606
0.23735047721862793
0.21457040214538575
0.10736670684814455
0.24241278724670412
0.2077332019805908
0.21917623023986818
0.3133048839569092
0.2034657093048096
0.312587052154541
0.32852883605957034
0.2391968173980713
0.22090629463195804
0.12456501960754394
0.18518479537963867
0.2774088638305664
0.1484550876617432
0.25567258262634274
0.25646234130859374
0.27417058525085447
0.1297380542755127
0.16036971893310542
0.33714232025146484
0.21308658866882324
0.16035223579406735
0.14579297714233397
0.2885665985107422
0.11744201812744137
0.20845539474487307
0.18394366645812987
0.18459467849731442
0.3061870059967041
0.2711190650939941
0.2682829292297363
0.22788647727966307
0.20284028129577636
0.09917377738952636
0.22200339012145995
0.1888946662902832
0.17786329460144043
0.27780572471618653
0.2516808372497559
0.09047901535034178
0.23562052612304688
0.14544012603759765
0.27054623794555666
0.2939953716278076
0.28100736427307127
0.16063981819152834
0.30189867095947265
0.22957324218750003
0.11537873916625976
0.1480937355041504
0.27101711463928224
0.3700138435363769
0.24158141212463377
0.15446980667114257
0.14850106811523436


-0.04861332511901857
0.02510402297973633
0.06964603805541993
-0.03183768768310548
0.0730708694458008
0.21486457252502436
-0.00019275856018067917
0.06852642135620117
0.11293758659362794
0.18595297050476073
0.14688865470886228
0.10897466087341309
0.19881963424682617
0.10798827629089355
0.05286215209960936
0.13658477859497067
0.13541976165771483
0.12153695602416992
0.1809706954956055
0.10882264709472655
0.22106443481445315
0.2623823528289795
0.23633449935913087
0.03960037040710448
0.28235546112060544
0.15862837982177733
0.11154004287719727
0.039486879348754875
0.2064092269897461
0.18416376190185546
0.1578779296875
0.15698498344421385
0.1849458499908447
0.28491536712646487
0.1669544219970703
0.2271900672912598
0.2777451038360596
0.2163602046966553
0.11436516456604005
0.2579595821380615
0.14398157577514648
0.17306199340820314
0.1561269863128662
0.24760310173034664
0.1008169288635254
0.1478061923980713
0.1885857810974121
0.18554953575134278
0.2409078472137451
0.24020259933471677
0.15869367485046387
0.18592063217163088
0.27244747161865235
0.11821629028320312
0.21237458229064943
0.23336234931945804
0.28937420082092286
0.2561035774230957
0.12909220695495605
0.256811820602417
0.1383655517578125
0.15862319831848143
0.08878557548522949
0.13868251419067384
0.23677770614624025
0.10541171455383301
0.08081372528076171
0.1691948318481445
0.24838697624206538
0.2704692630767822
0.11604386215209964
0.16112132263183593
0.20535655021667476
0.21261619567871093
0.29001843070983885
0.19249392013549804
0.22493698844909665
0.11920469169616696
0.1839963684082031
0.13569102554321288
0.2789023780822754
0.1582344627380371
0.2060651912689209
0.1742695083618164
0.20401485061645508
0.07976147346496582
0.20947216606140137
0.18690710220336917
0.2487328079223633
0.2143203311920166
0.19979432563781743
0.17925786552429201
0.2947492130279541
0.24557649040222165
0.20947874259948734
0.172802885055542
0.2512247455596924
0.12241113319396972
0.2691290721893311
0.1537389030456543
0.20148178482055662
0.39415494728088374
0.11251694679260255
0.14211588363647462
0.12870936660766605
0.10746992301940918
0.30529095611572266
0.16968562507629392
0.28642789039611816
0.1493931224822998
0.23763467445373535
0.3558066497802735
0.11788015365600586
0.19686646728515625
0.27215755844116213
0.2876983821868897
0.17530268936157228
0.16850569915771485
0.1228538360595703
0.2997054515838623
0.3127740619659424
0.19417442016601558
0.11016346244812013
0.09522354011535644
0.10186299476623537
0.11061205558776856
0.17753319358825684
0.05226282196044922
0.15286174392700197
0.20472670249938965
0.19108690643310544
0.280779471206665
0.1534852886199951
0.22471012115478517
0.11738950920104979
0.14085816383361816
0.19497453117370603
0.1644488010406494
0.2121308898925781
0.19357797508239746
0.12185815238952637
0.0795018222808838
0.25207359962463377
0.16199684791564942
0.10200416755676268
0.28015876007080076
0.1974779739379883
0.2507096061706543
0.23578142166137694
0.21669043998718263
0.17742201499938964
0.10932257461547851
0.21696704940795897
0.106659317779541
0.18365979690551756
0.06186281433105469
0.23567894554138186
0.18167823219299314
0.21217660331726076
0.2957064437866211
0.14200999908447265
0.20899167098999022
0.1736207118988037
0.24722002296447754
0.1627986660003662
0.1318329761505127
0.15247350578308105
0.2875351341247559
0.21667008781433103
0.2697850685119629
0.1799593692779541
0.2739634201049805
0.23302330284118652
0.10876224365234374
0.22927117347717285
0.15053661231994628
-0.0030140743255615376
0.05330571937561035
0.15334845733642577
0.13498076820373534
0.1706427906036377
0.0737288761138916
0.15235057449340822
0.1432782611846924
0.08668920860290527
0.20376381187438966
0.16136478309631347
0.24264171218872072
0.20283349037170406
0.17983055114746094
0.30349193458557133
0.2423805885314941
0.1375962944030762
0.2875218715667724
0.20435248832702638
0.19386203193664553
0.17469421958923337
0.3095061004638671
0.1959418800354004
0.296464758682251
0.2617314224243164
0.13429474830627441
0.2393570747375488
0.22759179573059082
0.05902185058593749
0.23244421005249025
0.17243859100341796
0.06966325073242187
0.09674968605041503
0.18180132102966312
0.1393390941619873
0.23495072364807132
0.22631342391967774
0.2705132350921631
0.1493231246948242
0.20361544036865234
0.14880053329467774
0.07612031555175781
0.08432783126831055
0.25716940116882325
0.12661341094970702
0.20896951370239253
0.18644212913513183
0.18414412193298343
0.23664940071105955
0.2253583240509033
0.22842831802368163
0.3323646347045899
0.23543969535827636
0.25815196380615235
0.1194758678436279
0.10647529296875
0.17197037506103513
0.16815140914916996
0.06903116760253906
0.16797895317077635
0.20698505783081053
0.20287318382263184
0.2264059341430664
0.11735594940185547
0.24322364807128907
0.16623620872497555
0.19783816719055178
0.17483066368103028
0.224336120223999
0.2592529888153076
0.12072120552062988
0.20314929656982422
0.24624423599243164
0.1900315246582031
0.16806954002380373
0.20138176727294924
0.18643221359252926
0.27589570617675785
0.09303427505493163
0.22251135406494138
0.20102553367614745
0.30705755882263186
0.08790806198120117
0.20218442153930666
0.23935675621032715
0.16544324951171877
0.192714412689209
0.21251974678039554
0.07752527313232424
0.1961817886352539
0.18096262054443357
0.2795738525390625
0.15431560897827146
0.13284268684387207
0.10236722831726075
0.16240013008117674
0.3063122386932373
0.14109262657165528
0.30951974563598633
0.26031665496826173
0.20313843421936034
0.24915978393554689
0.15791683197021483
0.17481950759887696
0.2605682334899902
0.3088947654724121
0.21579569053649902
0.1752376392364502
0.3656009635925293
0.17423204803466796
0.18126182441711425
0.21670883178710937
0.2429222038269043
0.1682679088592529
0.3049339866638184
0.13203458595275877
0.24793762588500978
0.11922199211120606
0.2590630832672119
0.1565419090270996
0.18876921081542966
0.14675637588500975
0.19979843902587896
0.27359806251525876
0.3500404983520508
0.12611064720153808
0.2493806064605713
0.14172455787658692
0.08340809631347657
0.1997204818725586
0.3171481216430664
0.13829886207580566
0.2605106407165527
0.2422391231536865
0.15547486114501952
0.23969536590576174
0.22737638282775877
0.11177998352050782
0.30859134445190434
0.14952968788146973
0.1798575981140137
0.12422844314575193
0.08718024826049804
0.27956397552490236
0.20880955505371093
0.1943593196868897
0.21745447311401364
0.17914831237792972
0.27079918098449707
0.11997175598144531
0.23317091445922852
0.20322070693969724
0.32483677368164066
0.2337335941314697
0.14691927337646482
0.2498559673309326
0.1824218692779541
0.19875176048278806
0.25381391944885257
0.2199864414215088
0.2621918125152588
0.22470539741516113
0.07245657234191895
0.18815131454467773
0.19050079345703122
0.2602750427246094
0.33255679016113276
0.14975012550354003
0.14515392379760741
0.11720666122436522
0.21954963684082032
0.2783823223114014
0.30459095458984375
0.19381505393981932
0.10731624412536622
0.19390663719177245
0.2654561023712158
0.14649414710998535
0.22231207542419434
0.15433175086975096
0.2268459777832031
0.2105306053161621
0.23158617973327636
0.3043899551391602
0.14874243507385254
0.3479110763549804
0.2701439342498779
0.2568579025268555
0.15423818283081053
0.12068994140625001
0.2067416534423828
0.22488944244384765
0.2063489875793457
0.15371121978759766
0.15594173049926757
0.2897128112792969
0.22481677818298337
0.1522732448577881
0.28408313064575197
0.3713249599456787
0.19652508544921876
0.20438903045654297
0.1311059700012207
0.15691231536865236
0.14512236862182618
0.10696334648132325
0.1742837600708008
0.19063601760864254
0.2645170154571533
0.12208815383911131
0.18107809524536134
0.110547660446167
0.2574712142944336
0.2737694442749023
0.24025449638366697
0.20008646087646484
0.26516443519592287
0.19907030868530273
0.37520157623291017
0.12932729530334472
0.2335383518218994
0.1252196147918701
0.14752289199829105
0.15483731155395508
0.20035146408081053
0.06259374046325684
0.16119444274902345
0.18632589530944824
0.16489579200744628
0.16780076560974122
0.26901463508605955
0.2425420055389404
0.1592733753204346
0.20575190887451172
0.2798043880462647
0.19913197708129882
0.19306889610290526
0.18780145149230956
0.14954284858703615
0.1932979259490967
0.24993492393493655
0.3800638198852539
0.27105447578430175
0.18914680099487305
0.22078874473571777
0.3416103401184082
0.0955587863922119
0.29246454124450677
0.24109584999084469
0.18647467041015622
0.22876889839172365
0.22901483306884768
0.24251609687805178
0.1513050220489502
0.29411801147460936
0.23907895851135252
0.1236962776184082
0.24361417770385743
0.15080831718444823
0.22196494178771972
0.20424621658325193
0.31827230262756345
0.29148496589660644
0.2558048885345459
0.1654956340789795
0.20524316101074216
0.2562721355438232
0.22902768898010253
0.15546765937805174
0.25141397094726564
0.17017875099182128
0.18542954711914064
0.12164282684326172
0.2272037380218506
0.28048704910278316
0.2075238845825195
0.2867981758117676
0.25522970962524416
0.20584758377075194
0.23569251251220702
0.18338244590759278
0.1570182228088379
0.23479875755310062
0.1834958477020264
0.1655555877685547
0.20947988510131835
0.14311505966186525
0.1972388484954834
0.13059449081420899
0.33526484870910644
0.19799052238464354
0.12854543952941894
0.21763392066955567
0.34639360580444334
0.25807097816467284
0.1444181652069092
0.14792559623718263
0.1604636383056641
0.09204562187194824
0.25707494239807127
0.15277640533447268
0.2324439838409424
0.29432506942749026
0.21876557540893557
0.18782264900207518
0.19309530448913578
0.09487884597778319
0.1172521759033203
0.2934004581451416
0.24590144805908204
0.16333724746704104
0.240112771987915
0.19601421165466307
0.30929566764831545
0.18564663314819338
0.30290019874572754
0.17270788536071777
0.29910787391662597
0.17065046310424806
0.17555492210388185
0.2242306812286377
0.2374657466888428
0.18188441276550293
0.12245528221130371
0.2259589500427246
0.2121064567565918
0.14645805435180664
0.2984281444549561
0.15465244293212888
0.2114834266662598
0.04969597511291503
0.17713579368591312
0.20389221191406254
0.12985087928771974
0.14727347755432127
0.13089852867126464
0.15968978691101074
0.1071096664428711
0.2729987411499023
0.21609802131652833
0.24671796875
0.2494332187652588
0.36731329727172857
0.268783003616333
0.2106472702026367
0.24140013504028318
0.18084614562988277
0.1196680347442627
0.25672991371154785
0.2674972476959228
0.1712425392150879
0.06870167922973633
0.11880926704406736
0.09838579444885254
0.18307822761535644
0.10309085922241211
0.2502658538818359
0.21361418151855469
0.14651621437072757
0.10684604034423828
0.19128739166259767
0.1852361927032471
0.1682035648345947
0.20461866760253905
0.32466316604614265
0.12555781745910644
0.1795349884033203
0.15786235885620117
0.23661662254333496
0.14672150230407716
0.19676696777343747
0.2400912170410156
0.27503927307128906
0.1721217239379883
0.16468539199829102
0.3257418506622315
0.168052906036377
0.20842623710632321
0.19248863220214843
0.12655265045166014
0.19756239700317382
0.20040497970581053
0.14631503753662106
0.1850149669647217
0.21550440788269043
0.21525850067138674
0.14671892547607424
0.09119602470397949
0.2222776508331299
0.10375086402893065
0.12220627784729005
0.2317863025665283
0.10801263122558595
0.19613422660827634
0.22115060615539547
0.11621367721557614
0.24930239753723146
0.12216354751586912
0.28377769279479975
0.10261563110351561
0.30550269889831544
0.0946829002380371
0.15464977226257323
0.14021129875183105
0.14604036140441895
0.27996286277771
0.06845502662658692
0.16227868728637698
0.15429853248596193
0.17398332023620608
0.23998525428771975
0.13032505798339844
0.25804089927673335
0.15755689888000488
0.29707935523986817
0.10132296829223632
0.22470787239074708
0.2751470039367676
0.19488648300170897
0.14326573181152344
0.20113585662841796
0.23208405113220212
-0.006044381332397462
0.15704971199035644


-0.1347648448944092
0.06751600456237793
0.1710349330902099
0.18706299209594726
0.1173071418762207
0.12601337814331054
0.10700453186035155
0.16946563415527344
0.13511718063354491
0.03115972518920898
0.1384945743560791
0.15994312095642088
0.10066211471557616
0.22894654693603517
0.29253727531433105
0.1355814910888672
0.23380219535827634
0.005382369995117182
0.09537766647338866
0.24292223930358886
0.2633458145141601
0.19954579734802244
0.23570756721496583
0.17486014518737789
0.1809074848175049
0.21168669700622555
0.26249880599975584
0.11167689514160156
0.1543796215057373
0.24322258377075193
0.143670690536499
0.15679308586120605
0.13726119308471682
0.1931422824859619
0.1551303310394287
0.22838781433105468
0.18206748771667486
0.16678779220581053
0.22617390403747561
0.23583618927001954
0.17190702247619627
0.11904331779479978
0.2572301216125489
0.15258526802062988
0.28535614013671873
0.16080061035156248
0.28119891052246093
0.31354640007019047
0.19641701126098632
0.19197559814453122
0.21706461486816406
-0.016264474868774418
0.18755430221557617
0.2580461124420166
0.19392697677612303
0.20246404266357423
0.34311424064636226
0.2801260070800781
0.20455344581604
0.22743027496337892
0.22207034492492675
0.16564040069580077
0.3743696125030518
0.13305452346801755
0.08792340545654298
0.16535855827331541
0.1025009880065918
0.2605970802307129
0.11157062149047851
0.2015851383209228
0.17532379150390626
0.11078839645385742
0.20188500480651853
0.3593969581604004
0.12239379119873046
0.18108612136840818
0.09509324836730958
0.1405970733642578
0.12527031364440916
0.20811019020080568
0.20007960319519044
0.12340535736083984
0.17082680320739743
0.15080020523071289
0.10666485481262207
0.2727591629028321
0.31644550209045413
0.22266705017089844
0.2390523136138916
0.30925632820129395
0.2974933338165283
0.1841618766784668
0.20868435745239255
0.23292986145019526
0.3559015888214111
0.24958315658569333
0.09721018028259279
0.17254221115112306
0.20029256706237797
0.10197885322570802
0.2587912483215332
0.1787454040527344
0.1191479320526123
0.2522809543609619
0.26829305839538575
0.06230914878845215
0.21531986579895018
0.2336325283050537
0.19234990882873537
0.11775415992736814
0.26775968894958496
0.17327920112609863
0.2844608028411865
0.22424037208557132
0.17771722106933596
0.23539836502075195
0.34814046096801754
0.2937848339080811
0.19923752021789545
0.09818696098327635
0.2611047805786133
0.10352290534973144
0.09075728225708009
0.1905282516479492
0.22430640983581543
0.24894002723693848
0.1556629467010498
0.11227143859863281
0.27731287651062014
0.2300354976654053
0.20612532501220707
0.1567401237487793
0.19002498054504394
0.20642168426513674
0.22290667152404786
0.19237048721313477
0.16862802581787106
0.27748743057250974
0.18795738677978516
0.15589930915832517
0.20421194076538085
0.22052115707397463
0.16487899475097656
0.19137154960632322
0.11083398437500001
0.2587118671417236
0.11188285140991212
0.10790658836364747
0.08413660430908201
0.1903264923095703
0.17580628089904782
0.1491870155334473
0.21368865966796874
0.1825853214263916
0.24373814964294432
0.23473409843444826
0.20329372940063475
0.1389302795410156
0.13193236083984375
0.22051587104797363
0.11420279884338377
0.27188214111328124
0.31416374588012697
0.11200664901733397
0.1330446002960205
0.180014469909668
0.26980050659179683
0.15541623153686523
0.24071628761291503
0.1197675552368164
0.16917837142944334
0.21634947166442867
0.2936834239959717
0.21207058601379394
0.23955048561096193
0.1063316650390625
0.17386443481445313
0.25795062446594236
0.1849034553527832
0.28203074150085444
0.1268145004272461
0.11114627647399901
0.2678275718688965
0.24153960418701176
0.27539955406188965
0.23698045539855958
0.3212201431274414
0.1397770309448242
0.16233039932250976
0.21370221519470214
0.25423569679260255
0.19006452560424805
0.21685172805786135
0.19806909255981447
0.23166354637145992
0.09716111946105956
0.23714155197143555
0.2191176174163818
0.25159152565002446
0.23145511054992673
0.157886893081665
0.2356549949645996
0.15539921951293945
0.20318868255615233
0.1541042709350586
0.19388927040100096
0.1718161968231201
0.20487121391296387
0.2424152717590332
0.23392271804809572
0.30428265953063965
0.15801207046508792
0.12230499725341798
0.13000459480285645
0.2895531307220459
0.09440285606384279
0.2643814445495606
0.23854767036437988
0.2593136032104492
0.152328702545166
0.21250323486328124
0.11137162971496582
0.13373798561096192
0.15027163772583008
0.23099816703796386
0.16669604873657223
0.2113195083618164
0.25307818374633784
0.049739857482910155
0.20689342613220213
0.18530560111999508
0.2339387996673584
0.25117867279052736
0.2302903347015381
0.20241368484497074
0.10762605285644529
0.2343044136047363
0.18401338386535646
0.21974272232055664
0.35253478317260745
0.19116165847778321
0.2835489501953125
0.26165738487243656
0.1461620502471924
0.19581444625854494
0.1443585163116455
0.07518777084350585
0.17809043006896974
0.20203985862731932
0.12386513214111326
0.15290673904418947
0.22789086723327634
0.14603713989257813
0.09254955101013185
0.28843748855590823
0.1721063735961914
0.1839051795959473
0.16596929054260257
0.0869092777252197
0.2037626953125
0.2844804656982422
0.08309364776611329
0.24536578941345216
0.2911290893554688
0.2647024879455566
0.17591778526306154
0.13727183151245115
0.23755314407348632
0.2127303722381592
0.1918478832244873
0.2116288986206055
0.2541523292541504
0.07710379791259765
0.2181870002746582
0.17980790901184082
0.2384425754547119
0.19340359878540042
0.16836256942749026
0.20343366622924805
0.1244262004852295
0.20502033996582028
0.18532326011657715
0.05419847564697264
0.19703442916870118
0.13952676391601565
0.270042594909668
0.16462594680786136
0.2340183334350586
0.1823931121826172
0.13683307571411132
0.18393636398315433
0.13916335868835447
0.10886357688903808
0.07465502548217773
0.11645114517211916
0.16859668083190918
0.26491768074035643
0.19978352890014647
0.11425380401611328
0.15734744148254395
0.1727572555541992
0.24836082153320313
0.18829069328308104
0.1995021324157715
0.1502223014831543
0.23964459991455075
0.08817487030029295
0.15818289184570314
0.17579709434509275
0.10447705535888673
0.23401623344421385
0.11599307518005371
0.1763411796569824
0.19950328826904296
0.14674908714294432
0.20665580825805663
0.2271072467803955
0.20222737884521486
0.1395174427032471
0.12332123069763183
0.16697476806640624
0.347162841796875
0.19120757141113282
0.048742229461669916
0.21344557647705076
0.20590223579406738
0.16025966072082518
0.273218858718872
0.1318557357788086
0.0781484317779541
0.2623038997650146
0.052909128189086906
0.08622050056457521
0.1621477802276611
0.16163419036865234
0.2089780178070068
0.2946026344299316
0.12191275291442871
0.2462648735046387
0.11839676551818848
0.2163846416473389
0.2970993488311768
0.1625645351409912
0.2152150505065918
0.19590495681762693
0.19360054779052732
0.18720144081115722
0.3044108283996582
0.17144296684265137
0.1372009811401367
0.15424821739196776
0.21306921653747557
0.16775773811340333
0.1956406181335449
0.05834484939575195
0.20293706512451173
0.1821299674987793
0.19417691764831546
0.37948291206359863
0.2805321331024169
0.18313825569152833
0.19251259613037106
0.12016472053527831
0.2015740261077881
0.1949253089904785
0.2646459369659424
0.18027403717041018
0.17489741134643552
0.3913861110687256
0.14404322242736817
0.18774729232788082
0.17195644569396973
0.15402403907775877
0.20257678565979007
0.19317787475585935
0.2042048797607422
0.16033544425964355
0.31214822959899896
0.10330264472961426
0.26226880073547365
0.1289277286529541
0.1259072368621826
0.21712315559387207
0.22225506286621094
0.2307579563140869
0.19923111724853515
0.13082186851501465
0.14254280357360838
0.1166695156097412
0.21341409683227536
0.09351610374450683
0.2434482479095459
0.14712431602478027
0.17039596366882326
0.1546510040283203
0.29447855644226073
0.2155928009033203
0.22635185508728026
0.24730298500061035
0.2349063003540039
0.2448447597503662
0.21359176826477053
0.1586351089477539
0.17298501777648922
0.2608976833343506
0.16511380653381347
0.1568587989807129
0.06598254089355468
0.187161075592041
0.17880126266479493
0.3902518585205078
0.195733003616333
0.19000955543518067
0.27915810356140136
0.23828343925476075
0.13387932395935057
0.1893176189422607
0.20523812370300296
0.3319291912078857
0.09781937942504884
0.19304640197753906
0.16656414680480958
0.2739608665466309
0.17635607147216792
0.28781012535095213
0.14138330078125003
0.14980207290649417
0.25088149337768556
0.1798972099304199
0.1832135753631592
0.20183758735656737
0.2625970695495605
0.26904260330200197
0.14549599456787107
0.2523797874450684
0.2030790107727051
0.0885234546661377
0.1884998664855957
0.27369585227966303
0.1768595504760742
0.29204241523742674
0.32495652656555174
0.21998309020996093
0.2449951095581055
0.09110554084777833
0.1538663356781006
0.25017957382202144
0.13172806167602538
0.1585569065093994
0.1429210662841797
0.12300464630126953
0.1824418067932129
0.1752981803894043
0.289488208770752
0.22942488861083984
0.20248536109924317
0.23763860015869143
0.15096519165039063
0.1378654956817627
0.0800482280731201
0.10073525810241697
0.17304929809570313
0.2069515998840332
0.19390121994018558
0.2451008625030518
0.1886181953430176
0.2327532318115234
0.21926486663818362
0.21526129035949704
0.24906434059143068
0.10230871467590333
0.2076762130737305
0.09053709182739259
0.24013858108520503
0.16865258789062498
0.22906677322387695
0.27110597991943364
0.21970561599731447
0.3258234107971191
0.2957265186309814
0.1647434196472168
0.2096091499328613
0.15046755599975586
0.21681923484802249
0.34825610160827636
0.185800825881958
0.28896478271484377
0.1516287139892578
0.28118918190002445
0.16942001533508302
0.11125137786865233
0.23102007484436038
0.1511660789489746
0.22500518608093262
0.20804829177856443
0.13115864944458008
0.1761532054901123
0.1913175220489502
0.1486465118408203
0.11728436546325684
0.18982997131347656
0.08009549713134766
0.12843348350524905
0.12042532234191895
0.5023462963104248
0.22377622680664064
0.1650876682281494
0.16864215850830078
0.17618566780090333
0.27063471183776855
0.15648714447021483
0.13099583892822264
0.1555929210662842
0.21252575492858888
0.22693202857971195
0.2029227855682373
0.2493613166809082
0.24790135536193847
0.21348377799987794
0.21903427314758303
0.0963120822906494
0.05877426338195801
0.16501735496520997
0.2293791110992432
0.09516228561401366
0.24911994552612307
0.17889759788513182
0.2624899959564209
0.16451274375915528
0.21063505821228026
0.18085747718811032
0.22666739654541013
0.22810674285888674
0.17257436332702636
0.2586995819091797
0.23474737434387208
0.09641264038085938
0.2003424633026123
0.1662888355255127
0.31519022560119625
0.19060827827453614
0.32023594627380375
0.14067191123962405
0.3413121089935302
0.250423477935791
0.2658488815307617
0.30076419525146486
0.15308400726318358
0.19162290954589845
0.1879195575714111
0.15681073913574217
0.18077133445739743
0.23616023902893069
0.17447736053466797
0.18862199096679688
0.1940883560180664
0.2649555282592774
0.2178229217529297
0.15052450370788573
0.1875315990447998
0.17855586891174316
0.16752411155700686
0.1801902484893799
0.29023674736022953
0.18945787048339846
0.13485890922546384
0.12125880813598633
0.23438458213806151
0.2484905242919922
0.15278148536682132
0.2669252166748047
0.2256794281005859
0.20905076217651367
0.048499202728271476
0.24887882804870606
0.1208619441986084
0.2359804542541504
0.11368389892578126
0.14775739364624024
0.21010128669738765
0.13133910369873047
0.2306919448852539
0.20698039779663088
0.14151374282836915
0.2381761920928955
0.1595168643951416
0.17491994857788085
0.0980048542022705
0.17025219535827638
0.05096329689025878
0.19310002021789552
0.1428302421569824
0.18673902587890623
0.17635215568542478
0.15464525413513186
0.3342583393096924
0.15944031333923342
0.09815563201904297
0.18705078887939453
0.21316119079589846


